1.247359741874579
9.907204105037179
23.127588472942556
20.395395424241336
0.8694060250699689
47.70298484202675
15.952348242180769
10.18050250154235
13.07640050482393
13.12560849689761
26.40006087091728
17.70918709952849
25.91201021335248
9.889444096151017
12.372927262397985
3.220599584342719
2.6152206906957076
5.1914596535732445
1.5338066155359078
102.78493423068926
61.40043414678258
45.97295964301584
16.506555596947223
109.60205646890611
5.383883955382413
4.256737253032579
9.094893816879644
2.961981888110448
1.5190819447811172
1.6557289596947882
12.279682653039906
1.8896261093494484
7.898012629563792
2.6867713185072963
16.19455132544767
2.124647384694361
3.752803996440716
7.471710189374612
3.2227879939234017
9.02705874935021
12.17029054164369
29.434127153203352
57.46343357935354
51.81164236007324
133.92274564983472