0.32480778747526096
6.686784793025808
28.99837724003212
17.265312395699123
1.2478800656846014
41.894205616137036
17.250496815606756
24.556657767088378
13.697690995138922
18.00543312993842
9.283744626503033
40.176885024889124
19.482313893604505
10.722216391959297
8.414307631165066
1.7220272821729692
2.999658410504556
1.295484512342663
0.5975457243710176
52.81855598664781
20.896495067215113
36.6360139058618
10.197122839449987
106.46441271920628
11.117785751644831
8.668208852512775
22.93517504457321
4.418528498420519
1.3102036142359155
3.687474671397103
3.2863827745678895
7.231551091206607
15.034394670657527
2.6523282487870294
11.750509763821618
2.5268208637720178
4.547839733714102
17.989623975096254
2.7509799892891014
15.271763346949104
18.793807316506964
28.124619848315483
23.127517279509878
25.067140654895834
51.16004889075668
