0.32480778747526096
6.212484925658076
28.99837724003212
18.509797974560506
1.2478800656846014
37.12417574266624
17.250496815606756
24.556657767088378
12.006786360251612
21.305209448735496
9.283744626503033
67.06388730530482
19.482313893604505
5.971675977050485
8.414307631165066
1.7220272821729692
2.296993841899325
1.295484512342663
0.5975457243710176
57.13707091385006
20.896495067215113
36.6360139058618
10.197122839449987
98.55273363092346
11.767745038450133
8.327790034934297
22.93517504457321
4.418528498420519
1.3102036142359155
5.0158644112966275
2.850411544942741
5.926548439136041
14.92730865954765
2.6523282487870294
11.750509763821618
2.1514102535604316
6.226888420229182
17.989623975096254
2.564542629592518
13.396999067304762
18.793807316506964
28.124619848315483
30.342543679848895
25.067140654895834
51.16004889075668
